1.20006347251272	-0.309940031765023	1.34935737914209	1.58187244057084	0	0	1.06941447074425	0.430437815436932	-1.15889940377524	-1.57565557270771	0	0	0	0.802932117631927	0.477102768935457	-0.0526611350578974	0	0	0	0.486743278436500	-0.983884545660031	0.0669927359917077	0	0
1.20051718844031	-0.309475163625085	1.34591062052333	1.58151550954948	0	0	1.07514978021928	0.421215800642880	-1.16153205735756	-1.57507567084504	0	0	0	0.809466096649675	0.458127226201569	-0.0508502653731363	0	0	0	0.482501144703653	-0.992842574600158	0.0646744715454806	0	0
1.20097100931654	-0.309010194733249	1.34246913988174	1.58115865583980	0	0	1.08088394365948	0.411996108174464	-1.16416617196222	-1.57449600210032	0	0	0	0.816003724997413	0.439148903904872	-0.0490358245505247	0	0	0	0.478259111168538	-1.00180116965277	0.0623551584318055	0	0
1.20142500515951	-0.308545057864233	1.33903629248258	1.58080192506128	0	0	1.08661605940876	0.402780508932499	-1.16680273237849	-1.57391673931562	0	0	0	0.822547515686819	0.420166146463982	-0.0472153234407605	0	0	0	0.474017322052598	-1.01076058875223	0.0600341052236297	0	0
1.20187929244069	-0.308079641186010	1.33561751115392	1.58044538776907	0	0	1.09234450503090	0.393572146835141	-1.16944338573511	-1.57333818548898	0	0	0	0.829101719010146	0.401176377744014	-0.0453845261313649	0	0	0	0.469776086458235	-1.01972115385582	0.0577101691092660	0	0
1.20233406441818	-0.307613759126377	1.33222152467234	1.58008915077400	0	0	1.09806635253085	0.384376619824193	-1.17209088236202	-1.57276087318012	0	0	0	0.835673522156137	0.382175665513651	-0.0435362205716186	0	0	0	0.465536050456037	-1.02868319303787	0.0553814679790079	0	0
1.20278964059229	-0.307147104867984	1.32886220885693	1.57973337073908	0	0	1.10377630317773	0.375203922960384	-1.17474980276272	-1.57218574069857	0	0	0	0.842275068911418	0.363158173465535	-0.0416581272735337	0	0	0	0.461298540742215	-1.03764684843653	0.0530449177028686	0	0
1.20324654641521	-0.306679173770770	1.32556129611487	1.57937826625880	0	0	1.10946474455000	0.366071945729954	-1.17742774588357	-1.57161444464297	0	0	0	0.848926844111175	0.344115606126596	-0.0397293527590789	0	0	0	0.457066246197970	-1.04661156910550	0.0506954998840182	0	0
1.20370563956567	-0.306209142035141	1.32235210313033	1.57902411672108	0	0	1.11511420632531	0.357012765936860	-1.18013724571740	-1.57104991391344	0	0	0	0.855663301576382	0.325037005881985	-0.0377144085443244	0	0	0	0.452844560789873	-1.05557490024375	0.0483251297668119	0	0
1.20416830462777	-0.305735679585079	1.31928408467885	1.57867121771625	0	0	1.12069291107473	0.348083945164031	-1.18289879834409	-1.57049732827244	0	0	0	0.862542103528891	0.305909869174913	-0.0355532239520904	0	0	0	0.448644210015320	-1.06452975584305	0.0459209698713378	0	0
1.20463673974685	-0.305256674435664	1.31642692702780	1.57831972161076	0	0	1.12614312181205	0.339388645927992	-1.18574547714557	-1.56996583161719	0	0	0	0.869658957112184	0.286724918397238	-0.0331447632310702	0	0	0	0.444486335481111	-1.07345851873686	0.0434630760265960	0	0
1.20511434371345	-0.304768860237672	1.31387003171410	1.57796920529521	0	0	1.13136041773786	0.331110860933713	-1.18872953059643	-1.56947147576010	0	0	0	0.877170499263017	0.267489784299881	-0.0303210221834347	0	0	0	0.440412177453025	-1.08232071411473	0.0409215175120496	0	0
1.20560614437524	-0.304267403401278	1.31170651571541	1.57761763789586	0	0	1.13615802030126	0.323574989833257	-1.19193061792193	-1.56904208746521	0	0	0	0.885326901537656	0.248262628268226	-0.0268083415244558	0	0	0	0.436500981444118	-1.09102823798210	0.0382539525355626	0	0
1.20611900434233	-0.303745702785627	1.30997676572696	1.57725913451213	0	0	1.14020940804728	0.317339509178146	-1.19546271357219	-1.56872469058288	0	0	0	0.894510523378207	0.229226690789240	-0.0221775199575101	0	0	0	0.432901321478142	-1.09939828895553	0.0354068751002969	0	0
1.20666083533502	-0.303196139457251	1.30852245429512	1.57687955516299	0	0	1.14296900209193	0.313321645212917	-1.19946961015912	-1.56859486371100	0	0	0	0.905258803824736	0.210838620931901	-0.0158021856321465	0	0	0	0.429879968062339	-1.10707233150406	0.0323287302709266	0	0
1.20723710210602	-0.302613427623939	1.30667982769189	1.57644923084063	0	0	1.14360231043762	0.312894617752201	-1.20408416008434	-1.56876262098805	0	0	0	0.918204399777041	0.194077825260737	-0.00689374166417524	0	0	0	0.427879539239547	-1.11340283652701	0.0290113226319395	0	0
1.20784206279220	-0.302003022854479	1.30279187117342	1.57591481438750	0	0	1.14104262993118	0.317756755073140	-1.20930916174448	-1.56935787381616	0	0	0	0.933792792597213	0.180735061223231	0.00523081636642638	0	0	0	0.427532137459867	-1.11737196616664	0.0255796972666319	0	0
1.20844465890025	-0.301394684358216	1.29381862080072	1.57520037797657	0	0	1.13440956750478	0.329191837536553	-1.21480147320111	-1.57046567952343	0	0	0	0.951640397922771	0.173402759318449	0.0204629300553287	0	0	0	0.429496632069117	-1.11774642011741	0.0224173601549822	0	0
1.20898027052759	-0.300850439730545	1.27590033719651	1.57423646160230	0	0	1.12390722725582	0.346580406046093	-1.21969779433437	-1.57200582683239	0	0	0	0.969785690129328	0.174521663041657	0.0369928998138675	0	0	0	0.433994668016643	-1.11373881816973	0.0202004497220484	0	0
1.20937161575268	-0.300444588589894	1.24655757489433	1.57301676051980	0	0	1.11154664266024	0.366325576742374	-1.22283546161812	-1.57365914034688	0	0	0	0.984871718658763	0.184449805118901	0.0512806183636491	0	0	0	0.440294179490834	-1.10595045885835	0.0196323970314212	0	0
1.20957796363812	-0.300216484203379	1.20693706979351	1.57162623590593	0	0	1.10042331646868	0.383240819666841	-1.22345017558778	-1.57500011187632	0	0	0	0.993960930733878	0.200430941571935	0.0598721599155866	0	0	0	0.446861273067319	-1.09647389413460	0.0209640937470649	0	0
1.20962134253746	-0.300145361702394	1.16117025177378	1.57019023384039	0	0	1.09282130114990	0.393731003964557	-1.22165697534354	-1.57575834113555	0	0	0	0.996361897028848	0.218242421274602	0.0615398325467732	0	0	0	0.452294812167479	-1.08762545433790	0.0238300480908414	0	0
1.20956027149389	-0.300175640412371	1.11348684298629	1.56879927361427	0	0	1.08922447510000	0.397271481062422	-1.21817415528500	-1.57592107294960	0	0	0	0.993435751779748	0.234755324526803	0.0573725004188469	0	0	0	0.456023192705096	-1.08068409743486	0.0275906714644308	0	0
1.20945074703298	-0.300254700322176	1.06638284482257	1.56748567955523	0	0	1.08888494448892	0.395311967111405	-1.21376158109865	-1.57562803652069	0	0	0	0.987139629154118	0.248790164145841	0.0493205496648531	0	0	0	0.458190446197536	-1.07579502884941	0.0317207527901049	0	0
1.20933118896843	-0.300348021220212	1.02070885734807	1.56624427771079	0	0	1.09075679744544	0.389694427159170	-1.20893815844072	-1.57503976627726	0	0	0	0.979025672285187	0.260458539931923	0.0390510339307607	0	0	0	0.459215151755702	-1.07253963663557	0.0359284315766010	0	0
1.20922792113577	-0.300435242998322	0.976444969980924	1.56505721009506	0	0	1.09399022071792	0.381868065946717	-1.20398463837613	-1.57427770855599	0	0	0	0.970039700511005	0.270331808702460	0.0276354126092921	0	0	0	0.459498065896701	-1.07040715922725	0.0400963071743686	0	0
1.20916783474885	-0.300500552446923	0.933292767815332	1.56390720121752	0	0	1.09803162700654	0.372762962338258	-1.19903855194934	-1.57341817592747	0	0	0	0.960678753856758	0.278988361816325	0.0156631120889229	0	0	0	0.459329058932037	-1.06898974260440	0.0441970945156225	0	0
1.20919384816695	-0.300522697832021	0.890962522000049	1.56278188986597	0	0	1.10257292753008	0.362900956372744	-1.19417953350486	-1.57250406909847	0	0	0	0.951182771070419	0.286867335733713	0.00342520169849199	0	0	0	0.458891229433016	-1.06801388893054	0.0482393656703626	0	0
1.20938631027179	-0.300463519984484	0.849284598308798	1.56167447952644	0	0	1.10748784728400	0.352519853958739	-1.18949072926567	-1.57155670824223	0	0	0	0.941666548720910	0.294259802853756	-0.00895306270464699	0	0	0	0.458289259939724	-1.06731698981446	0.0522420871000346	0	0
1.20989747073989	-0.300251358885146	0.808265043802214	1.56058393251378	0	0	1.11280145846384	0.341643479964777	-1.18511215288279	-1.57058322679153	0	0	0	0.932197316143377	0.301338450485119	-0.0214391675107887	0	0	0	0.457573907453244	-1.06681909836003	0.0562256215629346	0	0
1.21100911729930	-0.299754621742022	0.768161902895864	1.55951646905249	0	0	1.11870485228245	0.330086642262261	-1.18130706344724	-1.56957950974556	0	0	0	0.922842646981514	0.308186001771778	-0.0340619620033779	0	0	0	0.456756307940364	-1.06650569677862	0.0602102758980426	0	0
1.21322543967084	-0.298740665224239	0.729641589176098	1.55848988638826	0	0	1.12562169641287	0.317392580940495	-1.17856306415954	-1.56852935496330	0	0	0	0.913710209783338	0.314810060615857	-0.0469058642821255	0	0	0	0.455812805674677	-1.06642406581554	0.0642174009782155	0	0
1.21740873362274	-0.296818633923688	0.694081752534032	1.55754283191785	0	0	1.13433355226252	0.302698791678169	-1.17774759411095	-1.56740037626374	0	0	0	0.904995962107371	0.321141753646584	-0.0601180926579246	0	0	0	0.454683263042174	-1.06669085972177	0.0682694693480567	0	0
1.22493710316997	-0.293380650303884	0.664095008183070	1.55675205194339	0	0	1.14615431050853	0.284543269770559	-1.18031829491262	-1.56613775525905	0	0	0	0.897052737589565	0.327020033978389	-0.0739117282383934	0	0	0	0.453269310344641	-1.06750190700215	0.0723839916409543	0	0
1.23776654876735	-0.287604154575778	0.644284099954141	1.55625982607732	0	0	1.16306873390377	0.260704900539588	-1.18850829622568	-1.56466023401269	0	0	0	0.890477072794582	0.332173195041482	-0.0885260977762113	0	0	0	0.451448971823424	-1.06911740796930	0.0765511033977299	0	0
1.25803937211404	-0.278689775399689	0.641897593689061	1.55630477753420	0	0	1.18753570370161	0.228408924551973	-1.20517350101692	-1.56287194915738	0	0	0	0.886161918081113	0.336237537525986	-0.104061330596668	0	0	0	0.449145038058614	-1.07175637683126	0.0806779425112797	0	0
1.28652024143392	-0.266655050050853	0.666081222162524	1.55721834936125	0	0	1.22127488708398	0.185656890866279	-1.23255390401612	-1.56071904399716	0	0	0	0.885138685258787	0.338908401415962	-0.120069660541501	0	0	0	0.446504107395680	-1.07528935799506	0.0844896946203793	0	0
1.31935926905716	-0.253829282092314	0.723131822261473	1.55929744197824	0	0	1.26234608529402	0.134468680365492	-1.26911425513057	-1.55831622145454	0	0	0	0.887902557303928	0.340335075196368	-0.134946056345705	0	0	0	0.444181284371780	-1.07870535005548	0.0874423828465548	0	0
1.34528986034384	-0.245905402198087	0.807152400775391	1.56249751677062	0	0	1.30194857095440	0.0844933035585305	-1.30583382692056	-1.55607187393131	0	0	0	0.893259565244426	0.341602951786492	-0.145787131979431	0	0	0	0.443447785751373	-1.07981593261789	0.0888404701577089	0	0
1.34912955314610	-0.249861850277806	0.895215727795452	1.56619596650786	0	0	1.32629911292147	0.0510343956715149	-1.32776632597155	-1.55458088200213	0	0	0	0.897973727535001	0.344576195264009	-0.149785742936582	0	0	0	0.445619540453827	-1.07614575971164	0.0882990987156021	0	0
1.32215605827590	-0.269025447619439	0.959457595614958	1.56948317049659	0	0	1.32559209520746	0.0451375036390822	-1.32358481251865	-1.55422811885658	0	0	0	0.898592027786063	0.350720225499690	-0.146414644226020	0	0	0	0.451063414077243	-1.06673786131524	0.0861392701539502	0	0
1.26749392071851	-0.301076572672131	0.985671286486703	1.57177599409535	0	0	1.30023233120923	0.0665500610665680	-1.29282875678672	-1.55494561069235	0	0	0	0.893730723491681	0.360159296076878	-0.137652135516502	0	0	0	0.459007591790995	-1.05270246232008	0.0831388363607331	0	0
1.19464587870946	-0.341091653760990	0.976529398233662	1.57302446464042	0	0	1.25734380225021	0.107467457219015	-1.24265602989249	-1.55639215308620	0	0	0	0.884158304071739	0.372038980724183	-0.126124958113047	0	0	0	0.468319634144906	-1.03596378496980	0.0799705620070217	0	0
1.11228090347547	-0.384919720643310	0.942106499646222	1.57346879831701	0	0	1.20440218831186	0.159580881056884	-1.18100225349800	-1.55823085270645	0	0	0	0.871414575209814	0.385372776896026	-0.113672382249620	0	0	0	0.478168892554303	-1.01804130990500	0.0769673550754517	0	0
1.02569173726010	-0.430152835492984	0.891936736909345	1.57338038671031	0	0	1.14639613509539	0.217260181981443	-1.11330419759264	-1.56023908606638	0	0	0	0.856829139480172	0.399462990304757	-0.101183044192133	0	0	0	0.488138079156128	-0.999768492034324	0.0742096361522186	0	0
0.937376022221940	-0.475685610345091	0.832497174405907	1.57295684133313	0	0	1.08591125198250	0.277469791963492	-1.04242169386350	-1.56229219775827	0	0	0	0.841288316398045	0.413917699339921	-0.0889609922786892	0	0	0	0.498082760617129	-0.981501782530900	0.0716662130686375	0	0
0.848162261651873	-0.521101574607176	0.767482803734195	1.57231215832451	0	0	1.02395357541114	0.338816812984687	-0.969449288037520	-1.56431698771722	0	0	0	0.825341813366467	0.428545154525697	-0.0770539613205002	0	0	0	0.507995358204066	-0.963362425598498	0.0692770736595956	0	0
0.757938626670099	-0.566270646467332	0.698638027780173	1.57149187211533	0	0	0.960544871106868	0.400793062209305	-0.894330270894376	-1.56625196531757	0	0	0	0.809367815719147	0.443260475877270	-0.0654349948742986	0	0	0	0.517933149444151	-0.945388259493913	0.0669846892633837	0	0
0.665934057200572	-0.611128182021221	0.626357934970662	1.57048264878613	0	0	0.894936690321823	0.463349146094355	-0.816077381736267	-1.56801432475446	0	0	0	0.793722221148900	0.458024978861937	-0.0540898989892288	0	0	0	0.527994504622735	-0.927619041073633	0.0647395699317476	0	0
0.570675765280589	-0.655532135274272	0.549949503543143	1.56920717730251	0	0	0.825487559372480	0.526686183404715	-0.732649471025815	-1.56946303212004	0	0	0	0.778888231266405	0.472801908099288	-0.0430705749761800	0	0	0	0.538321926050417	-0.910160636085021	0.0624953381795721	0	0
0.469720513412406	-0.699106310055236	0.467635396734664	1.56750147182986	0	0	0.749232010420124	0.591132743863717	-0.640557493556745	-1.57034586188888	0	0	0	0.765668947293702	0.487503928788297	-0.0325567412072911	0	0	0	0.549116267173765	-0.893268417728100	0.0601992006999231	0	0
0.359283851885512	-0.740986889743411	0.376486742267932	1.56507597953394	0	0	0.661186965997394	0.656967628343079	-0.534362378174585	-1.57022215171629	0	0	0	0.755462540135424	0.501900848173740	-0.0229577296212966	0	0	0	0.560642253362146	-0.877487119959339	0.0577797457686118	0	0
0.234150771134006	-0.779414171813683	0.272741699901774	1.56147973918790	0	0	0.553719322898492	0.723990259517564	-0.406639376855867	-1.56837696549111	0	0	0	0.750593247199545	0.515451629299589	-0.0150675183448191	0	0	0	0.573179992714542	-0.863866955220503	0.0551357803090975	0	0
0.0889450654867298	-0.811277200548087	0.153548868504178	1.55614180622409	0	0	0.417211936820153	0.790591345214456	-0.250005649924275	-1.56382455113421	0	0	0	0.754415416227998	0.527064863349687	-0.0102044897434863	0	0	0	0.586828547245300	-0.854173122028320	0.0521406088973619	0	0
-0.0773960595532712	-0.832260405059512	0.0215128301994016	1.54865377203283	0	0	0.244765736326596	0.852411303103560	-0.0638524274103183	-1.55565865813173	0	0	0	0.770357082493348	0.534986128063040	-0.0100408736800318	0	0	0	0.601066756997409	-0.850703160456109	0.0486954236039931	0	0
-0.254065637278604	-0.838908355264730	-0.109192165115025	1.53939166811704	0	0	0.0425908588976306	0.902061407418911	0.134701318011256	-1.54399364819992	0	0	0	0.798945969670920	0.537362880324872	-0.0156217180032263	0	0	0	0.614276471217344	-0.855022129868751	0.0448557709659619	0	0
-0.416100284169286	-0.832527003618946	-0.213735673698118	1.52996695967568	0	0	-0.162428525014078	0.932611454875305	0.308230198838929	-1.53087896333341	0	0	0	0.834466631676469	0.533774129845863	-0.0258154561590428	0	0	0	0.624076589263043	-0.865855278107495	0.0409332483987591	0	0
-0.538155650856203	-0.820351710503304	-0.271910155358790	1.52248919132263	0	0	-0.335023769099034	0.943470565980833	0.420071736158489	-1.51953111304533	0	0	0	0.866708265056208	0.526244271704371	-0.0372152583442595	0	0	0	0.628912394544928	-0.878797896963623	0.0373593634168461	0	0
-0.612649644180594	-0.810620967169683	-0.282796716391911	1.51807645096628	0	0	-0.456450149156602	0.941083716687738	0.460621617992265	-1.51207972746724	0	0	0	0.888087412183750	0.517896908080013	-0.0464801766450476	0	0	0	0.629204940592459	-0.889336122052667	0.0343808433964505	0	0
-0.649598735147905	-0.807442451389552	-0.260255569671052	1.51645368611054	0	0	-0.531249361684529	0.933277932469893	0.445929044834188	-1.50859265810619	0	0	0	0.897446013331756	0.510818316623417	-0.0522930877779089	0	0	0	0.626584420940570	-0.895545870949942	0.0319616958668929	0	0
-0.663749677993781	-0.810772667096504	-0.219551388720036	1.51672746412111	0	0	-0.574325160456786	0.924934693427694	0.398252793086249	-1.50799920526277	0	0	0	0.897621170306090	0.505553297977996	-0.0550431442572772	0	0	0	0.622561423350515	-0.897800925515775	0.0299308429391359	0	0
-0.666221871317805	-0.818873934337321	-0.170754259500400	1.51808713613473	0	0	-0.599216129928714	0.917872413375660	0.333988592375539	-1.50916453662907	0	0	0	0.892024614275916	0.501801807934136	-0.0556753122602902	0	0	0	0.618024260454630	-0.897283523643861	0.0281259415404654	0	0
-0.663362017858463	-0.829986725708190	-0.118964644043530	1.52000785872215	0	0	-0.614685692419406	0.912285405222380	0.262314156861247	-1.51129376105790	0	0	0	0.883178061758986	0.499066869862287	-0.0550219210634110	0	0	0	0.613364240973643	-0.895078349543605	0.0264389233466624	0	0
-0.658288150965160	-0.842843324968075	-0.0663528340837486	1.52219832647595	0	0	-0.625580770449352	0.907818177881756	0.187635667905960	-1.51391970869116	0	0	0	0.872623629872867	0.496924253885163	-0.0536446620738885	0	0	0	0.608708161893422	-0.891940458581300	0.0248080430773008	0	0
-0.652405392595168	-0.856641585637853	-0.0137171437849576	1.52450669363165	0	0	-0.634387002527634	0.904040345981264	0.111870544160202	-1.51678928621615	0	0	0	0.861230926792040	0.495065511846434	-0.0518814219847819	0	0	0	0.604068046865542	-0.888347629001919	0.0231997337960515	0	0
-0.646329989228042	-0.870887202853005	0.0386743770821967	1.52685124951093	0	0	-0.642358330960558	0.900578622659947	0.0358091217641652	-1.51976778732080	0	0	0	0.849488178457168	0.493261368469927	-0.0499267311377024	0	0	0	0.599409101456518	-0.884609029383691	0.0215947164892616	0	0
-0.640370852244026	-0.885241766946037	0.0906786431121853	1.52917755278161	0	0	-0.650177736892788	0.897105328606048	-0.0401840005871659	-1.52277734619850	0	0	0	0.837701220664016	0.491307362357905	-0.0478953817364199	0	0	0	0.594670392838578	-0.880961177654614	0.0199794249619724	0	0
-0.634780708436090	-0.899391226122773	0.142058210489823	1.53142992431692	0	0	-0.658326668379817	0.893271160914602	-0.115795115130364	-1.52575809101818	0	0	0	0.826125162922165	0.488965735141473	-0.0458656177164634	0	0	0	0.589761117637329	-0.877646876155693	0.0183409029648780	0	0
-0.629920757788956	-0.912908346387247	0.192288095615071	1.53352583134130	0	0	-0.667313536263169	0.888605430717216	-0.190480045760140	-1.52863831961649	0	0	0	0.815066578030451	0.485900329962157	-0.0439095412904337	0	0	0	0.584542651721467	-0.874989347624726	0.0166637659395407	0	0
-0.626425861019422	-0.925069467506414	0.240279123372558	1.53532411117821	0	0	-0.677852902228574	0.882381120087599	-0.263112101700318	-1.53130238726592	0	0	0	0.804985780243549	0.481600778240141	-0.0421184647407649	0	0	0	0.578801192235728	-0.873471556279660	0.0149291031865571	0	0
-0.625415679101758	-0.934590427624844	0.283940112877208	1.53658204053119	0	0	-0.691029075806578	0.873449454840200	-0.331432097473312	-1.53354853126350	0	0	0	0.796610189347429	0.475310169156930	-0.0406272223482519	0	0	0	0.572220410086785	-0.873812194152868	0.0131171615997363	0	0
-0.628723414500389	-0.939306985546041	0.319605559509745	1.53691012147978	0	0	-0.708387497500993	0.860114874184681	-0.391278425527385	-1.53503990342664	0	0	0	0.791021256182929	0.466025477915311	-0.0396321295453858	0	0	0	0.564385292466075	-0.876977353886939	0.0112185693577519	0	0
-0.638921800740100	-0.936040055222525	0.341721377396060	1.53577332871684	0	0	-0.731724268125331	0.840296160650929	-0.435986541853877	-1.53528629175539	0	0	0	0.789562795145792	0.452749593739399	-0.0393762118271092	0	0	0	0.554893140103937	-0.883961446944170	0.00926079824585087	0	0
-0.658604001433216	-0.921300213945313	0.343924359595559	1.53265265645188	0	0	-0.762164339817928	0.812439197879374	-0.457284849304196	-1.53375762710107	0	0	0	0.793272768009916	0.435244265300501	-0.0400486245290845	0	0	0	0.543673978400557	-0.895093920140461	0.00734793187937903	0	0
-0.688446278004144	-0.893530698684128	0.322845872949724	1.52745724371335	0	0	-0.798475073952810	0.777345376093710	-0.449538322212232	-1.53023379146195	0	0	0	0.801719084070275	0.415159019973066	-0.0415763075024487	0	0	0	0.531459451890005	-0.908959609888073	0.00567795045671461	0	0
-0.725159761433213	-0.855817750837595	0.283028041393350	1.52093678038123	0	0	-0.836082186125545	0.739472617804634	-0.416056700102228	-1.52521739820442	0	0	0	0.812136753245573	0.396328003325576	-0.0434677017229404	0	0	0	0.519885669888042	-0.922043622139048	0.00447153381490867	0	0
-0.762293980588209	-0.815481378726099	0.236728623944241	1.51447438533304	0	0	-0.869005083501667	0.705198777583467	-0.370146879002349	-1.51985462393689	0	0	0	0.820480411529060	0.382916361005288	-0.0449986785142822	0	0	0	0.510691756846969	-0.930394288036545	0.00382674036932153	0	0
-0.794173888437111	-0.779618898208386	0.196470665996483	1.50924151163363	0	0	-0.893536092371711	0.678905539719190	-0.327055080408787	-1.51523706768650	0	0	0	0.823907008880527	0.376845715646391	-0.0456569541174158	0	0	0	0.504644177926809	-0.932063520278439	0.00365606429926354	0	0
-0.818663704462060	-0.751463486898925	0.168454224480587	1.50564011208971	0	0	-0.909610489357968	0.661188842343190	-0.295547144332421	-1.51184671759048	0	0	0	0.821959938503548	0.377347021828343	-0.0453566511573405	0	0	0	0.501377538596363	-0.927627060909777	0.00377798845126217	0	0
-0.836550427305372	-0.730675180521616	0.152645971340405	1.50346301522123	0	0	-0.919269421778511	0.650232212645785	-0.276979718876372	-1.50961377233981	0	0	0	0.815737736848649	0.382441492558832	-0.0442915616934786	0	0	0	0.500035220817604	-0.918857192456170	0.00403449655160724	0	0
-0.849670870703571	-0.715414963494679	0.146201323869871	1.50229903139286	0	0	-0.924802566591031	0.643754128129108	-0.268886781794364	-1.50824294398103	0	0	0	0.806664074156285	0.390285484828587	-0.0427152012993268	0	0	0	0.499833735512238	-0.907456615695794	0.00433323611338100	0	0
-0.859721402410843	-0.703813368201471	0.146036497992839	1.50177990518243	0	0	-0.927925014173809	0.639962678206550	-0.268069436689830	-1.50743986971876	0	0	0	0.795871094845355	0.399624553851974	-0.0408297800516312	0	0	0	0.500245876633634	-0.894605354854837	0.00463458280818979	0	0
-0.867902516629439	-0.694483363006894	0.149790725686929	1.50164870139080	0	0	-0.929710324531258	0.637698547387146	-0.271918654140142	-1.50698811266786	0	0	0	0.784098711572541	0.409728457690227	-0.0387675452727132	0	0	0	0.500967628589848	-0.881001775205231	0.00492830685830066	0	0
-0.874953788835628	-0.686539053212599	0.155908511299919	1.50174778699231	0	0	-0.930767530639964	0.636284786004708	-0.278656568935595	-1.50675028264640	0	0	0	0.771785498671979	0.420206353962633	-0.0366066218089888	0	0	0	0.501837937929848	-0.867027159109285	0.00521799222557323	0	0
-0.881276863716598	-0.679477731904589	0.163452317691966	1.50199005466645	0	0	-0.931418051062098	0.635353180575734	-0.287196915907983	-1.50664878517731	0	0	0	0.759179290318081	0.430856579443638	-0.0343904524463781	0	0	0	0.502775181981260	-0.852884756267100	0.00551407197950509	0	0
-0.887033163347916	-0.673072074605112	0.171904986837709	1.50233607874080	0	0	-0.931814391476674	0.634721355650601	-0.296954847959905	-1.50664854981931	0	0	0	0.746419926380994	0.441571227814339	-0.0321421377453963	0	0	0	0.503738113052955	-0.838690912197628	0.00583249505808601	0	0
-0.892190104178977	-0.667312252547087	0.181030821554488	1.50278151257403	0	0	-0.932006639460677	0.634321232027477	-0.307711168198567	-1.50674748876157	0	0	0	0.733595089114809	0.452277803318927	-0.0298736263723295	0	0	0	0.504704021354060	-0.824533612992846	0.00619688437407052	0	0
-0.896513356900095	-0.662404383561060	0.190797097953670	1.50335396664746	0	0	-0.931973417760240	0.634164189928520	-0.319549707126555	-1.50697524363726	0	0	0	0.720782341028453	0.462896950712523	-0.0275918055853641	0	0	0	0.505656528123165	-0.810518403190062	0.00664330273980699	0	0
-0.899503675166369	-0.658827358109076	0.201340908419727	1.50411809375686	0	0	-0.931630865301226	0.634329679496502	-0.332862383155764	-1.50739992261382	0	0	0	0.708092652052784	0.473297921851201	-0.0253038097299932	0	0	0	0.506577898864434	-0.796820087783415	0.00722725462120775	0	0
-0.900278227661793	-0.657448086293817	0.212960145815323	1.50518714764227	0	0	-0.930831022849081	0.634965744337630	-0.348405760220856	-1.50814189732214	0	0	0	0.695732193932954	0.483234726834256	-0.0230240911434670	0	0	0	0.507442964919507	-0.783757593466860	0.00803164398954164	0	0
-0.897422074988417	-0.659670214921667	0.226091703046180	1.50673534196199	0	0	-0.929365904608286	0.636284899725608	-0.367362129802660	-1.50938966833569	0	0	0	0.684098650215347	0.492249510376357	-0.0207861987092937	0	0	0	0.508213763033032	-0.771903826332797	0.00917054573986281	0	0
-0.888928062473216	-0.667500020242763	0.241201499313176	1.50899297413048	0	0	-0.927010020198965	0.638522016301736	-0.391270482913164	-1.51139976848050	0	0	0	0.673910822897942	0.499552702346855	-0.0186613100374499	0	0	0	0.508837171111131	-0.762211969555254	0.0107743488371372	0	0
-0.872544436195494	-0.683212273487850	0.258462794448267	1.51218308096570	0	0	-0.923656671008646	0.641797326105163	-0.421536614299139	-1.51443685660551	0	0	0	0.666299408714644	0.503967962671018	-0.0167785961866746	0	0	0	0.509253493277679	-0.756044848211706	0.0129284455745075	0	0
-0.847015527524668	-0.708126715681633	0.277157946632887	1.51634903717834	0	0	-0.919581587685624	0.645847972878739	-0.458193628386232	-1.51859528609089	0	0	0	0.662638316062757	0.504175012324456	-0.0153230736946649	0	0	0	0.509428608867518	-0.754834475921648	0.0155432479917818	0	0
-0.814144322011971	-0.740545595817639	0.295147705057144	1.52111387365077	0	0	-0.915691036030934	0.649769142558188	-0.498269557305234	-1.52353268312169	0	0	0	0.663842741847152	0.499489730557887	-0.0144679790660055	0	0	0	0.509408056674548	-0.759135088011538	0.0182154443276071	0	0
-0.779781729419961	-0.774719939953536	0.309323655393046	1.52563517523023	0	0	-0.913349672521354	0.652176411502181	-0.535656437039445	-1.52838839738483	0	0	0	0.669386954052528	0.490815127299931	-0.0142442093930903	0	0	0	0.509343685342660	-0.767585367538978	0.0202805572012042	0	0
-0.751310461616462	-0.803296793895240	0.317338722396373	1.52900659717387	0	0	-0.913631216936614	0.651960909032461	-0.564100248933517	-1.53217943183304	0	0	0	0.677170125291995	0.480574807232770	-0.0144722582722202	0	0	0	0.509428648907596	-0.777168257920808	0.0211651942895505	0	0
-0.733302959711125	-0.821643667800473	0.318986640542675	1.53079088193115	0	0	-0.916687120504155	0.648941277353184	-0.580878908748590	-1.53437861703102	0	0	0	0.684752195884053	0.471286909760127	-0.0148677955685074	0	0	0	0.509783601487456	-0.784985892556767	0.0207241195664149	0	0
-0.725960000821650	-0.829462185251291	0.315766338534753	1.53111885902820	0	0	-0.921903123281697	0.643720623645294	-0.587265953918298	-1.53506163728500	0	0	0	0.690648799745820	0.464291144286215	-0.0152088898133347	0	0	0	0.510414737333023	-0.789666843598558	0.0192044643615061	0	0
-0.726887090857962	-0.829067171600254	0.309549329637192	1.53039497854181	0	0	-0.928473784314706	0.637108568423193	-0.586318032131986	-1.53462034257027	0	0	0	0.694526842320725	0.459705222470367	-0.0153993470846609	0	0	0	0.511259356343575	-0.791274137035554	0.0169782766721416	0	0
-0.733286812784932	-0.823211123953379	0.301756217340611	1.52901557391487	0	0	-0.935773446140878	0.629740699752081	-0.580901860690096	-1.53346264658729	0	0	0	0.696696213765303	0.457040762327446	-0.0154329172658350	0	0	0	0.512242856383434	-0.790514151115453	0.0143506686526884	0	0
-0.742993443219781	-0.814041125774759	0.293228344812816	1.52726180201108	0	0	-0.943424082118550	0.622004525028682	-0.573004338219732	-1.53188805037897	0	0	0	0.697632220027371	0.455705531192722	-0.0153401881409970	0	0	0	0.513305525185377	-0.788148940226602	0.0115127587770465	0	0
-0.754608936728356	-0.802950438120950	0.284389614803371	1.52530336329545	0	0	-0.951230494274180	0.614102338294508	-0.563809189013443	-1.53008324639173	0	0	0	0.697749555340134	0.455213611712035	-0.0151566006963160	0	0	0	0.514405447962812	-0.784772593511306	0.00856479492427473	0	0
-0.767318500020521	-0.790754605148117	0.275423441339256	1.52323294410479	0	0	-0.959104433298988	0.606127293721922	-0.553966768819416	-1.52815492362133	0	0	0	0.697346644631428	0.455218376971599	-0.0149101330022907	0	0	0	0.515512349463033	-0.780791055915714	0.00554892467027427	0	0
-0.780684238625670	-0.777893566466399	0.266388938056918	1.52109663370470	0	0	-0.967013048027161	0.598115760038442	-0.543822618817279	-1.52616140276574	0	0	0	0.696618230251307	0.455480879819632	-0.0146186649341615	0	0	0	0.516599826010924	-0.776468526873717	0.00247118124969297	0	0
-0.794498827815027	-0.764576021310547	0.257283154654381	1.51891353783438	0	0	-0.974949682571835	0.590077374800004	-0.533566992739081	-1.52413454848702	0	0	0	0.695683199825305	0.455825923269206	-0.0142903143756354	0	0	0	0.517637541159386	-0.771981174443929	-0.000688899321389004	0	0
-0.808698135038020	-0.750865654737033	0.248071111596485	1.51668687186999	0	0	-0.982917342929689	0.582012406647428	-0.523327693594332	-1.52209381629215	0	0	0	0.694609120262285	0.456100635530223	-0.0139235643064423	0	0	0	0.518582469556409	-0.767463260753345	-0.00397856119166983	0	0
-0.823312564621000	-0.736728464758733	0.238701805407682	1.51441021618539	0	0	-0.990915763492443	0.573925605855143	-0.513235616728677	-1.52005630766603	0	0	0	0.693429997444655	0.456135174206583	-0.0135057323126666	0	0	0	0.519367469650852	-0.763048047880580	-0.00748028404188984	0	0
-0.838434987704601	-0.722062511668360	0.229125295979050	1.51207248924011	0	0	-0.998923342841500	0.565845424931986	-0.503488241823559	-1.51804667144888	0	0	0	0.692159094453660	0.455701064115802	-0.0130089210677324	0	0	0	0.519885525194607	-0.758911336435864	-0.0113275701934717	0	0
-0.854179239622677	-0.706735266332583	0.219328482846289	1.50966576827940	0	0	-1.00686320479613	0.557859424509799	-0.494432373479544	-1.51611065080038	0	0	0	0.690800765305289	0.454465037384414	-0.0123829719083206	0	0	0	0.519969664372097	-0.755326120908823	-0.0157256695133720	0	0
-0.870590607604610	-0.690666514191231	0.209415075137476	1.50720188941424	0	0	-1.01453980898705	0.550179146863104	-0.486679471195301	-1.51433567552452	0	0	0	0.689367100474860	0.451948259346145	-0.0115464234131822	0	0	0	0.519374818285773	-0.752730950514075	-0.0209669973756804	0	0
-0.887453748248657	-0.674012437737061	0.199759412462100	1.50474526201100	0	0	-1.02153777036341	0.543241471115649	-0.481234904377955	-1.51287803488350	0	0	0	0.687906639036216	0.447532684396227	-0.0103814010527043	0	0	0	0.517784401899952	-0.751790515593248	-0.0274106413185126	0	0
-0.903964263394861	-0.657491161129545	0.191228701353748	1.50246325624763	0	0	-1.02711293543000	0.537813106805306	-0.479529131038631	-1.51198168800249	0	0	0	0.686548076510287	0.440612807718747	-0.00874919229398142	0	0	0	0.514893398850368	-0.753366084228705	-0.0353626495451567	0	0
-0.918392385545072	-0.642737292829232	0.185325258967450	1.50066613327437	0	0	-1.03020811497262	0.534961340419666	-0.483085879241544	-1.51194441260626	0	0	0	0.685538564720108	0.431014628556047	-0.00655354244441172	0	0	0	0.510630168309009	-0.758233894275811	-0.0447923406779053	0	0
-0.928215474069395	-0.632224283446324	0.183877502507526	1.49975688081771	0	0	-1.02982055279136	0.535665733671724	-0.492591632055456	-1.51297614180427	0	0	0	0.685212125308643	0.419595676846687	-0.00385424874184418	0	0	0	0.505467352101095	-0.766465351921215	-0.0549748606658028	0	0
-0.931233894671917	-0.628215031390136	0.188048695104023	1.50002812253301	0	0	-1.02571489353440	0.540096557467557	-0.506826608483465	-1.51499434205654	0	0	0	0.685830114767706	0.408417198647941	-0.000940594387046288	0	0	0	0.500499981276973	-0.776868664979129	-0.0644735352128148	0	0
-0.927079271083445	-0.631251897050345	0.197369570133037	1.50143836588979	0	0	-1.01883539074989	0.547229644065801	-0.522788082817514	-1.51757649807823	0	0	0	0.687390891804990	0.399844729659906	0.00177399016862855	0	0	0	0.496962204986587	-0.787315084206118	-0.0718097619007960	0	0
-0.917456251449529	-0.639817594624001	0.209977599313304	1.50362988946187	0	0	-1.01078769720690	0.555409940701472	-0.537372176678573	-1.52019526774567	0	0	0	0.689626389860834	0.395203518193123	0.00398562539015420	0	0	0	0.495525665949295	-0.795937138213389	-0.0763057576454668	0	0
-0.904838086443643	-0.651545508733925	0.223841911085326	1.50617519438096	0	0	-1.00290691082103	0.563300456293326	-0.548904090898141	-1.52249869591998	0	0	0	0.692193487480253	0.394373848795437	0.00562242886211517	0	0	0	0.496102682806824	-0.801975222186169	-0.0782295021131667	0	0
-0.891167314000780	-0.664508963574502	0.237643378944142	1.50877614523170	0	0	-0.995833094094536	0.570288311685449	-0.557228873298781	-1.52437997241327	0	0	0	0.694841247093173	0.396423071978323	0.00677952460976608	0	0	0	0.498188484896833	-0.805632520894847	-0.0783048885084901	0	0
-0.877494267026339	-0.677624657005884	0.250837695797954	1.51129460719410	0	0	-0.989662558860187	0.576309425800184	-0.562969588539798	-1.52588485541880	0	0	0	0.697444849111692	0.400335054079799	0.00760099084460567	0	0	0	0.501244402130193	-0.807505721569965	-0.0772360621401574	0	0
-0.864216662341471	-0.690451178107198	0.263345761854338	1.51369566581106	0	0	-0.984244539663539	0.581539919468578	-0.566887585704316	-1.52710793487116	0	0	0	0.699964374131280	0.405342781929150	0.00821077127294511	0	0	0	0.504868522591610	-0.808182122779255	-0.0755221221956493	0	0
-0.851403665908623	-0.702882554788773	0.275272743884487	1.51598962194101	0	0	-0.979378267520890	0.586197246317215	-0.569597464713880	-1.52813711129267	0	0	0	0.702398419899595	0.410958937255561	0.00869497602869934	0	0	0	0.508808544065474	-0.808094740164372	-0.0734632093980716	0	0
-0.839009962999155	-0.714938053442099	0.286753933632655	1.51819799907499	0	0	-0.974896662981107	0.590458584659746	-0.571508024475577	-1.52903599335393	0	0	0	0.704755193423105	0.416901439191987	0.00910735251737061	0	0	0	0.512921371791123	-0.807515609331545	-0.0712216998980227	0	0
-0.826984683104924	-0.726651736185437	0.297890195750627	1.52033821640151	0	0	-0.970688422265622	0.594441269077612	-0.572844634012373	-1.52984297664337	0	0	0	0.707037981361127	0.423015042429443	0.00947948389941849	0	0	0	0.517132131044769	-0.806588468401603	-0.0688765224821563	0	0
-0.815323670933783	-0.738017624038841	0.308723788750755	1.52241730023541	0	0	-0.966698398177743	0.598204369891828	-0.573678758054656	-1.53057419008072	0	0	0	0.709237425551876	0.429215370504992	0.00982909680246113	0	0	0	0.521406059140782	-0.805357561453862	-0.0664575125380830	0	0
-0.804103711030729	-0.748953377089567	0.319222928898251	1.52442803089662	0	0	-0.962926537041322	0.601751188948013	-0.573936224877986	-1.53122470245525	0	0	0	0.711324995737376	0.435453118548074	0.0101653562183683	0	0	0	0.525732097590280	-0.803779611882329	-0.0639629638387624	0	0
-0.793523828259974	-0.759257693296240	0.329256544596174	1.52634356532503	0	0	-0.959434811544926	0.605023534604451	-0.573372854481477	-1.53176555523435	0	0	0	0.713244071794528	0.441689815417638	0.0104915601200613	0	0	0	0.530114048759372	-0.801716165915342	-0.0613655570336579	0	0
-0.783972137380186	-0.768542929224701	0.338545523461803	1.52810769433727	0	0	-0.956367775730728	0.607882495119513	-0.571508790238707	-1.53213495451283	0	0	0	0.714896184013255	0.447876453089845	0.0108056500947648	0	0	0	0.534565387238885	-0.798905423577554	-0.0586103100663361	0	0
-0.776133902011056	-0.776127226316780	0.346577408237665	1.52961819451876	0	0	-0.953991315481567	0.610071478258748	-0.567513011844847	-1.53222199470232	0	0	0	0.716121171496598	0.453926468271651	0.0110985114342817	0	0	0	0.539103878349740	-0.794914260837172	-0.0556070684217123	0	0
-0.771147596217251	-0.780879301841738	0.352475861769082	1.53070179991363	0	0	-0.952750840558120	0.611160523312705	-0.560040319205264	-1.53184249312712	0	0	0	0.716673601328624	0.459674125556307	0.0113495756131402	0	0	0	0.543740901749809	-0.789079961635735	-0.0522211837115201	0	0
-0.770778020241481	-0.781046627420979	0.354842229751024	1.53108469232904	0	0	-0.953335296642288	0.610485303138139	-0.547070639553103	-1.53071258131184	0	0	0	0.716208353479590	0.464811530034807	0.0115192690721411	0	0	0	0.548457740043169	-0.780479692993384	-0.0482717225864279	0	0
-0.777465663994226	-0.774206859933003	0.351670585844365	1.53037908217035	0	0	-0.956690260938072	0.607135880206668	-0.525930150866576	-1.52844342433432	0	0	0	0.714312297505146	0.468812898322588	0.0115397179875131	0	0	0	0.553159697724211	-0.768030458754431	-0.0435594495187692	0	0
-0.793901067381943	-0.757691251297872	0.340612483869540	1.52814013124711	0	0	-0.963842140358020	0.600128402473934	-0.493900536331232	-1.52461380836686	0	0	0	0.710652848237424	0.470903020538237	0.0113112806044585	0	0	0	0.557609100725412	-0.750910091023114	-0.0379624039955282	0	0
-0.821642530073535	-0.729957745939325	0.320011461127428	1.52407281427675	0	0	-0.975349451521959	0.588936170921907	-0.449903840947159	-1.51899606795129	0	0	0	0.705303327713354	0.470207677367411	0.0107227099628156	0	0	0	0.561379145797090	-0.729447848679979	-0.0316212663140740	0	0
-0.858922173203662	-0.692768467711270	0.290700527069507	1.51837986194017	0	0	-0.990450993349305	0.574309664657354	-0.396915826521540	-1.51190608162304	0	0	0	0.699119699667269	0.466216061352230	0.00971122831082873	0	0	0	0.563932638834892	-0.706114784984266	-0.0251225500435372	0	0
-0.899555594465543	-0.652269001558424	0.257131607916782	1.51196447743122	0	0	-1.00667113774660	0.558649729421860	-0.342769686549885	-1.50436423361967	0	0	0	0.693715851114283	0.459349461504566	0.00833503771800196	0	0	0	0.564891545514494	-0.685374073714071	-0.0194212203969296	0	0
-0.935332221888895	-0.616611384858058	0.225789235049331	1.50609820518471	0	0	-1.02079286773996	0.545060195263034	-0.296903178951291	-1.49769366104589	0	0	0	0.690719163349253	0.450991124993282	0.00677509722059228	0	0	0	0.564314164131057	-0.671590732483082	-0.0153757221513847	0	0
-0.960471928579816	-0.591529252852315	0.201670842701370	1.50173076433860	0	0	-1.03060376947456	0.535663321931620	-0.265235915711237	-1.49280212324407	0	0	0	0.690887171954340	0.442735195497190	0.00523687621537256	0	0	0	0.562663322408629	-0.666662601431482	-0.0132820559222408	0	0
-0.973733776155075	-0.578247807408359	0.186319847216696	1.49912544157867	0	0	-1.03568555155429	0.530846647546942	-0.248250701165458	-1.48985880552029	0	0	0	0.693960222484663	0.435598505584632	0.00384938493004599	0	0	0	0.560497020077673	-0.669719140317072	-0.0128684114515142	0	0
-0.977075206769084	-0.574818345911810	0.178616322772203	1.49803289254787	0	0	-1.03685605774897	0.529808984054848	-0.242984380736981	-1.48852519037494	0	0	0	0.699168021651765	0.429861234274280	0.00264623274972853	0	0	0	0.558215993728814	-0.678563807696296	-0.0136268026397592	0	0
-0.973398020683405	-0.578357009522266	0.176492503818494	1.49803206060642	0	0	-1.03527812101637	0.531422051916271	-0.245727345777088	-1.48832193470396	0	0	0	0.705734443851658	0.425353467041350	0.00160357128493133	0	0	0	0.556016332497983	-0.691048712586442	-0.0150950563902834	0	0
-0.965220308906245	-0.586362687790473	0.178039051929430	1.49874310470668	0	0	-1.03194588418378	0.534724455702566	-0.253454335043578	-1.48883989816075	0	0	0	0.713089234307121	0.421760584744732	0.000679632947210849	0	0	0	0.553954372166359	-0.705625677960389	-0.0169551043931888	0	0
-0.954318896918000	-0.597071160431798	0.181859224562384	1.49989185292718	0	0	-1.02755290477659	0.539046902751318	-0.264115873591483	-1.48979411574229	0	0	0	0.720874406527706	0.418785194975867	-0.000164599722550289	0	0	0	0.552018295080610	-0.721343052162063	-0.0190198636684281	0	0
-0.941823976698544	-0.609360594604001	0.187040800491668	1.50130107085415	0	0	-1.02253406357662	0.543970454676329	-0.276452567262536	-1.49100649976410	0	0	0	0.728883486736336	0.416195833499662	-0.000959357042460746	0	0	0	0.550171272397561	-0.737671734348402	-0.0211913338248713	0	0
-0.928416379538195	-0.622555450405509	0.193023282030067	1.50286286564809	0	0	-1.01714433541539	0.549249897424196	-0.289732004851629	-1.49237366821815	0	0	0	0.737001496316990	0.413822713693274	-0.00172679666300471	0	0	0	0.548369540894329	-0.754343180523068	-0.0234258879241854	0	0
-0.914496775396094	-0.636258479336137	0.199473923494900	1.50451377423334	0	0	-1.01152422373529	0.554750375110444	-0.303541920514079	-1.49384064478977	0	0	0	0.745162151794210	0.411536147874045	-0.00248386896529684	0	0	0	0.546565539297312	-0.771242334611598	-0.0257139068422449	0	0
-0.900303808079093	-0.650233598915057	0.206198737293163	1.50621710409867	0	0	-1.00574352288409	0.560405113615826	-0.317653794761670	-1.49538409707880	0	0	0	0.753319328346483	0.409220995851525	-0.00324561331810388	0	0	0	0.544702639276311	-0.788348372869673	-0.0280719349626242	0	0
-0.885992691865992	-0.664328241170784	0.213084209014994	1.50795133637747	0	0	-0.999828229801030	0.566189460874228	-0.331937384053479	-1.49700360382367	0	0	0	0.761425523792656	0.406748993881835	-0.00402861536019833	0	0	0	0.542703871723110	-0.805707623945113	-0.0305452103070214	0	0
-0.871691919477640	-0.678417789553508	0.220058924721154	1.50970220054306	0	0	-0.993777919758334	0.572104119549806	-0.346303328546153	-1.49871877229754	0	0	0	0.769409842884405	0.403945991219989	-0.00485491509854554	0	0	0	0.540454429658531	-0.823425611295126	-0.0332204698572662	0	0
-0.857554668491744	-0.692355888036729	0.227064626242789	1.51145603976139	0	0	-0.987581503043548	0.578159881207672	-0.360653601400631	-1.50057022349185	0	0	0	0.777147933960786	0.400549975482789	-0.00575670210243459	0	0	0	0.537776943724306	-0.841666912824961	-0.0362509267771509	0	0
-0.843819476410175	-0.705916498316579	0.234027285141700	1.51319215487911	0	0	-0.981241371748629	0.584354138789531	-0.374820916971388	-1.50262180463612	0	0	0	0.784416447886572	0.396159190828944	-0.00678155442575795	0	0	0	0.534401045053645	-0.860647511293154	-0.0398952697126532	0	0
-0.830889159508790	-0.718718991357439	0.240820123405318	1.51487200792510	0	0	-0.974819904410390	0.590625612700458	-0.388480107265534	-1.50495846325883	0	0	0	0.790829258658145	0.390184073504851	-0.00799603632154544	0	0	0	0.529939039053192	-0.880591044035508	-0.0445656300868982	0	0
-0.819415269405697	-0.730148095831827	0.247216510364362	1.51642490767644	0	0	-0.968523010270033	0.596773069095129	-0.401029558246488	-1.50766788091269	0	0	0	0.795773696051853	0.381854721326626	-0.00948093483969077	0	0	0	0.523905257800862	-0.901599165673527	-0.0508552004440623	0	0
-0.810315900832502	-0.739336724194075	0.252852133218366	1.51773647504855	0	0	-0.962814079654332	0.602344626535632	-0.411497801866774	-1.51078735571027	0	0	0	0.798420186878446	0.370400715740946	-0.0113047609409737	0	0	0	0.515857047044360	-0.923383769589726	-0.0594645946196139	0	0
-0.804564892248252	-0.745364563227161	0.257259819670995	1.51865996002233	0	0	-0.958476809523722	0.606577170150800	-0.418646559952774	-1.51420884463252	0	0	0	0.797953013424426	0.355540744958511	-0.0134632736413448	0	0	0	0.505736616176600	-0.944911038281216	-0.0709018120892646	0	0
-0.802623415086606	-0.747794490094776	0.260060805610854	1.51907675626089	0	0	-0.956443656858430	0.608564118541961	-0.421490818558502	-1.51759655468809	0	0	0	0.794112965469157	0.338173825856204	-0.0158064815971738	0	0	0	0.494309619914991	-0.964292136751618	-0.0849522343292075	0	0
-0.803805167802149	-0.747272369157924	0.261264070756104	1.51899063620250	0	0	-0.957299915387038	0.607738379345447	-0.420096015695370	-1.52044933083732	0	0	0	0.787734246722017	0.320591418573451	-0.0180373785098912	0	0	0	0.483224845488546	-0.979419880585255	-0.100333833757144	0	0
-0.806341714079281	-0.745466484063908	0.261378904226963	1.51856272491880	0	0	-0.960823983897646	0.604318745260298	-0.415859317201892	-1.52235314911877	0	0	0	0.780574096178156	0.305516759068410	-0.0198467163183397	0	0	0	0.474286731487092	-0.989176452925487	-0.115146536884670	0	0
-0.808342856651287	-0.744161548567663	0.261138712932770	1.51802399734348	0	0	-0.966107836510385	0.599190957759511	-0.410751828174359	-1.52320587606305	0	0	0	0.774359016864596	0.294626763607210	-0.0210809119750201	0	0	0	0.468475914281185	-0.994040059295922	-0.127903792940853	0	0
-0.808701073798044	-0.744404411474328	0.261109651244748	1.51755193943905	0	0	-0.972138450696339	0.593341167539655	-0.406272432765126	-1.52319168025185	0	0	0	0.769992300849037	0.288020528604092	-0.0217768039901670	0	0	0	0.465687908234365	-0.995489583063450	-0.138124688170967	0	0
-0.807203169191462	-0.746397773382613	0.261541976697647	1.51722396131662	0	0	-0.978228235546371	0.587437649427712	-0.403064320244383	-1.52259604050340	0	0	0	0.767537442810880	0.284813585149437	-0.0220713887620767	0	0	0	0.465207688488211	-0.995036780955734	-0.146116215743782	0	0
-0.804141422427277	-0.749866790543059	0.262454365812696	1.51704406674503	0	0	-0.984066688876113	0.581781413535855	-0.401151591121230	-1.52166382997599	0	0	0	0.766627431061865	0.283921965469706	-0.0221073495506413	0	0	0	0.466248594329117	-0.993729763924581	-0.152474030470213	0	0
-0.799942272290142	-0.754409579001549	0.263766727422067	1.51698451100778	0	0	-0.989584800271478	0.576438658261251	-0.400297266112003	-1.52055755185003	0	0	0	0.766814052804096	0.284471605333495	-0.0219915837935032	0	0	0	0.468206055055528	-0.992139389442373	-0.157755512506204	0	0
-0.794982981375775	-0.759670436913952	0.265385688304475	1.51701229750295	0	0	-0.994820689493271	0.571371650391017	-0.400229628733784	-1.51937085936020	0	0	0	0.767725859036012	0.285878474820612	-0.0217924581565520	0	0	0	0.470688608510680	-0.990519280775554	-0.162372609369103	0	0
-0.789543842124760	-0.765385110689958	0.267240788981071	1.51709992492251	0	0	-0.999841184122461	0.566515009022826	-0.400735097466545	-1.51815394306437	0	0	0	0.769101066385811	0.287793763391188	-0.0215504332616286	0	0	0	0.473466758978111	-0.988952860336558	-0.166598143433839	0	0
-0.783818935400172	-0.771370730599105	0.269294333841599	1.51722758690021	0	0	-1.00470733802768	0.561809208359665	-0.401680508701284	-1.51693380128300	0	0	0	0.770771937378792	0.290029977806514	-0.0212891482566300	0	0	0	0.476415780834686	-0.987443282434736	-0.170604204631047	0	0
-0.777942752727286	-0.777500703915534	0.271541707285246	1.51738208292267	0	0	-1.00946234617708	0.557212322583049	-0.403010438141540	-1.51572730107551	0	0	0	0.772640420707848	0.292506802270697	-0.0210236412827017	0	0	0	0.479474717486996	-0.985957276058036	-0.174498799233334	0	0
-0.772017288473550	-0.783679071446136	0.274009677637984	1.51755485076139	0	0	-1.01412714119623	0.552704356423685	-0.404740874572185	-1.51454929440058	0	0	0	0.774659223022172	0.295221925051960	-0.0207661414697626	0	0	0	0.482621978781686	-0.984440803388107	-0.178352527782587	0	0
-0.766137340988441	-0.789816384198169	0.276753932665707	1.51773980766920	0	0	-1.01869513526728	0.548292492355339	-0.406955778913143	-1.51341826906709	0	0	0	0.776821607835359	0.298243497293698	-0.0205307662585571	0	0	0	0.485862861530008	-0.982818364874269	-0.182215819016216	0	0
-0.760416950591455	-0.795804164826186	0.279852242714227	1.51793079404416	0	0	-1.02312017586513	0.544023065469912	-0.409804392233331	-1.51236127068639	0	0	0	0.779160054309114	0.301721150828083	-0.0203385163587145	0	0	0	0.489224542754407	-0.980981605100127	-0.186128519709301	0	0
-0.755021656914839	-0.801483208656128	0.283383392851607	1.51811784205917	0	0	-1.02729174214761	0.540006135104495	-0.413488542704902	-1.51141892901197	0	0	0	0.781753430671670	0.305913678349876	-0.0202238773038369	0	0	0	0.492754781830283	-0.978769461301735	-0.190122092047034	0	0
-0.750210389259448	-0.806601596671071	0.287371879683034	1.51828100770112	0	0	-1.03099077421652	0.536459132816739	-0.418215138885156	-1.51065004582209	0	0	0	0.784741499660519	0.311228591480844	-0.0202439820271525	0	0	0	0.496519816746294	-0.975942613212937	-0.194211752472066	0	0
-0.746383813925344	-0.810764801622402	0.291664871207110	1.51838038088928	0	0	-1.03382314059857	0.533772443139134	-0.424066559099073	-1.51013237771384	0	0	0	0.788341155578545	0.318254692015125	-0.0204896830522845	0	0	0	0.500593641844370	-0.972162525277411	-0.198372260064017	0	0
-0.744113845260994	-0.813401786574103	0.295704791856904	1.51834250329887	0	0	-1.03514739954886	0.532580278818599	-0.430721816685574	-1.50995089900556	0	0	0	0.792846082151025	0.327733037137308	-0.0210928368316370	0	0	0	0.505025138083170	-0.967005444728202	-0.202489736532799	0	0
-0.744083198296396	-0.813817005221901	0.298216563738156	1.51804983676495	0	0	-1.03406744130641	0.533766922469602	-0.437001390383239	-1.51015881608188	0	0	0	0.798568688977613	0.340356013485528	-0.0222134482245550	0	0	0	0.509767708745775	-0.960073361767674	-0.206293358849676	0	0
-0.746823244792195	-0.811442269875127	0.297022750331534	1.51735272484988	0	0	-1.02963857142793	0.538261748431794	-0.440433981127674	-1.51070287279122	0	0	0	0.805672651814374	0.356281394935211	-0.0239803661307176	0	0	0	0.514579519590531	-0.951266443019385	-0.209312703266941	0	0
-0.752235579350206	-0.806313629327059	0.289467590730025	1.51612863445156	0	0	-1.02140090909590	0.546511745599996	-0.437465078947919	-1.51134805825232	0	0	0	0.813919733698873	0.374492363215569	-0.0263804555795052	0	0	0	0.518973989544986	-0.941145131676961	-0.210965997561973	0	0
-0.759238511930856	-0.799446180730040	0.273722783037692	1.51437466325692	0	0	-1.00997994587576	0.557890445009512	-0.424912437460726	-1.51170134374462	0	0	0	0.822549817599175	0.392644610525023	-0.0291731677020924	0	0	0	0.522355550681166	-0.931021798261218	-0.210842502503867	0	0
-0.766089468053208	-0.792549106800642	0.250109323400146	1.51224654275399	0	0	-0.997062218910707	0.570726547410630	-0.401932879804000	-1.51139088108024	0	0	0	0.830559584249797	0.408014995998261	-0.0319594027986490	0	0	0	0.524331968572222	-0.922431880863093	-0.208995131166984	0	0
-0.771292513916299	-0.787136277139703	0.220962490538432	1.50997910389021	0	0	-0.984524025882774	0.583167444326169	-0.370503312063555	-1.51026217237216	0	0	0	0.837226927032551	0.418929749374528	-0.0343891985889283	0	0	0	0.524924147065342	-0.916328499436423	-0.205920057083537	0	0
-0.774224383119772	-0.783881069614308	0.189139664796198	1.50776271571335	0	0	-0.973539268308039	0.594058812009439	-0.333918150313581	-1.50840152157050	0	0	0	0.842378223563925	0.425298791911479	-0.0363100016224372	0	0	0	0.524467959727394	-0.912774812127654	-0.202236444798959	0	0
-0.775038013405380	-0.782681620162691	0.156740264058207	1.50568817807124	0	0	-0.964402775671965	0.603115445694131	-0.295040942264986	-1.50601166895284	0	0	0	0.846245125745996	0.428046696136231	-0.0377492131228338	0	0	0	0.523367206330095	-0.911259002619947	-0.198405340382516	0	0
-0.774231447120630	-0.783075414383655	0.124820756429258	1.50376735747604	0	0	-0.956871630366502	0.610581825802936	-0.255618044390183	-1.50329067467499	0	0	0	0.849191800351794	0.428321641602786	-0.0388167689813484	0	0	0	0.521933321035301	-0.911138723718452	-0.194662980186016	0	0
-0.772319758308711	-0.784566702738176	0.0937039411216094	1.50197472749003	0	0	-0.950534401303913	0.616867033831824	-0.216446212498137	-1.50038182126539	0	0	0	0.851542894863384	0.427062998433127	-0.0396291207014866	0	0	0	0.520354739715751	-0.911886083624778	-0.191085192491334	0	0
-0.769703746773907	-0.786763181211379	0.0633519050978610	1.50027622962611	0	0	-0.945010775221590	0.622348065416114	-0.177766383133199	-1.49737348680760	0	0	0	0.853531510031046	0.424908561853817	-0.0402779185264087	0	0	0	0.518727900200087	-0.913141540923621	-0.187667708333934	0	0
-0.766656702466113	-0.789394319999484	0.0336047612305126	1.49864205919773	0	0	-0.940013538752587	0.627309181276615	-0.139567098681064	-1.49431521538287	0	0	0	0.855307537106347	0.422250023587360	-0.0408261347918566	0	0	0	0.517095288927642	-0.914683691186056	-0.184378280997044	0	0
-0.763352285051306	-0.792286683256591	0.00429328755971131	1.49704995659447	0	0	-0.935346112913804	0.631944735809921	-0.101752413165967	-1.49123308211249	0	0	0	0.856961656444020	0.419314487164852	-0.0413140266094447	0	0	0	0.515472163024247	-0.916383828624742	-0.181181619282402	0	0
-0.759896528605756	-0.795333570056590	-0.0247213520852141	1.49548458669187	0	0	-0.930881079854224	0.636380605633813	-0.0642171814420892	-1.48814016850974	0	0	0	0.858546837906124	0.416229173956153	-0.0417663014051893	0	0	0	0.513861672839904	-0.918169660451242	-0.178048402673130	0	0
-0.756352670366870	-0.798470914955314	-0.0535409842171654	1.49393586957505	0	0	-0.926538490183311	0.640695722957216	-0.0268737492975531	-1.48504275480089	0	0	0	0.860093387008020	0.413063825066039	-0.0421977623900974	0	0	0	0.512262393864400	-0.920001443986609	-0.174956980608713	0	0
-0.752757880713588	-0.801660827781372	-0.0822357583797008	1.49239737474683	0	0	-0.922269207657185	0.644938573091086	0.0103429064943517	-1.48194370910992	0	0	0	0.861618421707160	0.409856115345959	-0.0426171476060055	0	0	0	0.510671701103284	-0.921857643465259	-0.171892373490556	0	0
-0.749133801881008	-0.804881120531681	-0.110852117151971	1.49086508318846	0	0	-0.918043458042247	0.649138522428160	0.0474779858297100	-1.47884425372160	0	0	0	0.863131530734344	0.406626176473746	-0.0430295647477135	0	0	0	0.509087094188074	-0.923726711915442	-0.168844634250325	0	0
-0.745492951281698	-0.808118891137654	-0.139419971248677	1.48933652065391	0	0	-0.913843386037657	0.653313174674939	0.0845616295485405	-1.47574485174933	0	0	0	0.864638054067934	0.403384669442561	-0.0434379789030417	0	0	0	0.507506597546883	-0.925602511182275	-0.165807342334487	0	0
-0.741842532121163	-0.811366677456149	-0.167958194056809	1.48781018176017	0	0	-0.909658371071905	0.657472997064885	0.121613360364027	-1.47264563686627	0	0	0	0.866140952436551	0.400137193817786	-0.0438441022864780	0	0	0	0.505928785928283	-0.927481803403607	-0.162776439447260	0	0
-0.738186672284193	-0.814620182755712	-0.196478505416809	1.48628515942937	0	0	-0.905482138744466	0.661624171468432	0.158645551590300	-1.46954661337197	0	0	0	0.867641861453443	0.396886667083394	-0.0442489193369938	0	0	0	0.504352685587283	-0.929362893319785	-0.159749402033852	0	0
-0.734527728683132	-0.817876942594437	-0.224988088619058	1.48476091160641	0	0	-0.901311004251331	0.665770327325152	0.195665912599241	-1.46644774441382	0	0	0	0.869141681810605	0.393634596618255	-0.0446529939009525	0	0	0	0.502777655195888	-0.931244900094753	-0.156724681624694	0	0
-0.730867042545862	-0.821135548516264	-0.253491298218521	1.48323711672687	0	0	-0.897142815191560	0.669913584155754	0.232679180346736	-1.46334898768467	0	0	0	0.870640908036634	0.390381754220888	-0.0450566477957418	0	0	0	0.501203283474309	-0.933127369762328	-0.153701338648285	0	0
-0.727205374691021	-0.824395198295777	-0.281990748934636	1.48171358528256	0	0	-0.892976320520629	0.674055173608533	0.269688231459332	-1.46025030762494	0	0	0	0.872139810891262	0.387128531103710	-0.0454600640909962	0	0	0	0.499629312021218	-0.935010070428020	-0.150678808485669	0	0
-0.723543155373148	-0.827655436493076	-0.310487997622473	1.48019020626428	0	0	-0.888810796483464	0.678195808066916	0.306694795235771	-1.45715167787276	0	0	0	0.873638538212390	0.383875123303385	-0.0458633465950034	0	0	0	0.498055581131371	-0.936892884808304	-0.147656754723068	0	0
-0.719880627177830	-0.830916005367586	-0.338983964273484	1.47866691501042	0	0	-0.884645826230722	0.682335897751278	0.343699902028367	-1.45405308018980	0	0	0	0.875137170503223	0.380621627746263	-0.0462665539877617	0	0	0	0.496481993432040	-0.938775754256120	-0.144634978446478	0	0
